0 0.34450064136739394 0.6703125 0.35636397140545 0.6546875
0 0.7341228513669564 0.87578125 0.2538730523949081 0.2484375
0 0.5825272233826164 0.6640625 0.29768930836358826 0.671875
0 0.1385981512532257 0.7171875 0.2405241126984819 0.534375
0 0.9252466922050655 0.62109375 0.14950661558986908 0.7578125
0 0.9511460059314991 0.1859375 0.09770798813700168 0.259375
0 0.7944542204168668 0.65 0.30508531429508745 0.7
0 0.8356867850947026 0.16640625 0.11526153855474383 0.1828125
0 0.7131260355889942 0.16875 0.08736203163466172 0.15
0 0.6233406353987139 0.246875 0.13130303262324466 0.1546875
0 0.4498421269957569 0.20703125 0.1648795365775774 0.1734375
0 0.4991948226608633 0.34453125 0.1354758794672147 0.21875
0 0.36774189281308767 0.28203125 0.09013420456235507 0.1796875
0 0.3002652327369755 0.31328125 0.12699753460041113 0.1640625
0 0.09495033304098666 0.39375 0.17054589923887828 0.3125
0 0.13227255539783883 0.6578125 0.2330936146756482 0.54375
0 0.13709543479069153 0.0859375 0.15623936562705035 0.153125
0 0.6024458621670092 0.13671875 0.10958985870696818 0.1203125