0 0.36953125 0.584375 0.225 0.20859375
0 0.13125 0.11640625 0.21875 0.2203125
0 0.38046875 0.12265625 0.20078125 0.2
0 0.63125 0.11953125 0.196875 0.22578125
0 0.88125 0.1140625 0.221875 0.21484375
0 0.125 0.35390625 0.21875 0.2
0 0.3765625 0.35390625 0.19296875 0.2
0 0.6265625 0.34921875 0.2296875 0.2015625
0 0.871875 0.34765625 0.18828125 0.1984375
0 0.12578125 0.57109375 0.209375 0.18984375
0 0.3640625 0.5765625 0.203125 0.19453125
0 0.6078125 0.575 0.15 0.18203125
0 0.88125 0.57890625 0.18125 0.1890625
0 0.1375 0.8109375 0.18515625 0.20859375
0 0.37421875 0.80703125 0.2125 0.20546875
0 0.6265625 0.80546875 0.18671875 0.1765625
0 0.8796875 0.8125 0.16953125 0.19921875