0 0.6334894208650276 0.6435243549314125 0.342030956165215 0.5455669640426372
0 0.166921988435691 0.7961745578927731 0.333843976871382 0.3144807383528967
0 0.6598135564133916 0.13937127996446905 0.22099788717321686 0.2787425599289381
0 0.8324354354755241 0.6487087426523692 0.3212196241842783 0.6053580438708206
0 0.7917317581176748 0.09806020522466823 0.25091148376465033 0.19612041044933645
0 0.5122391270302425 0.13877813772095665 0.23802174593951494 0.2775562754419133
0 0.29730073052483 0.7649544561291794 0.14943080438150141 0.2435530054270668
0 0.9282595933450224 0.10367504014123434 0.11848081330995512 0.20735008028246868
0 0.1599050596598024 0.09543092944407068 0.1312614569792891 0.18640224672063965
0 0.07641249553577313 0.09676877939864216 0.15282499107154626 0.17521244120271567
0 0.5890518539016246 0.7746415581199158 0.2380138376596843 0.3996192989592034
0 0.2802584699682279 0.09206745166239444 0.14077282467404081 0.18413490332478888
0 0.3790544801144976 0.11586626017676531 0.1292819456152034 0.23173252035353062