0 0.059877724296837465 0.3999206436467305 0.11975544859367493 0.312341287293461
0 0.8829120928152753 0.7772049840123852 0.1885902450942652 0.37793157095872515
0 0.3810856545645426 0.8531399020842511 0.2155400642579064 0.29372019583149794
0 0.3014671387472118 0.9275124195074461 0.12817803262324476 0.1449751609851077
0 0.6046624174161239 0.8014087656939146 0.2336772520143473 0.39718246861217066
0 0.1133131531188489 0.4639856328469573 0.18866454646340922 0.2265873257680484
0 0.22526673608547348 0.859305567330528 0.18202722729976806 0.2813888653389441
0 0.8344745231945236 0.31470249481215845 0.3015704061589606 0.3553522212288775
0 0.6444251847535105 0.33231903683012487 0.4308705869953194 0.4269593811176768
0 0.8139312825488826 0.6652654900028351 0.17561540121604474 0.3275496250424091
0 0.22115216943047128 0.3902976509031247 0.2317380672236559 0.32638891832631983
0 0.5321891230042431 0.22591029100647614 0.22555173421985017 0.3277331635169964
0 0.8815696990879666 0.2725348421797532 0.19490922927693433 0.3032589531727101
0 0.1672950685949875 0.8623115162420689 0.16920889231879607 0.27537696751586227
0 0.738250850229649 0.7369470278444502 0.28676775992301273 0.45157245680090713