0 0.160428077750259 0.287034575488115 0.320856155500518 0.54155584902377
0 0.8433322756450723 0.832246700493058 0.24594616252983137 0.25252853084255095
0 0.7774098308551401 0.655417193593199 0.26891278163641913 0.2763478603878557
0 0.7026560415657258 0.5005990543880919 0.3129838052100677 0.1834433400953163
0 0.8579343546336764 0.35113306818780965 0.24678522456432467 0.30406375730360063
0 0.7320055171635078 0.11310042329736432 0.37036396567298446 0.22620084659472864
0 0.5303871275881524 0.6964178892084024 0.12915676881613755 0.22551028896022576
0 0.4971379799455173 0.7063656335263595 0.15902405128112634 0.1963682597392326
0 0.4149761433039182 0.7608815840128269 0.13671240363849116 0.18661143019392804
0 0.3798648968185748 0.626448082795011 0.17599322745980875 0.19198076866768635
0 0.3912560452897795 0.9181992061718056 0.20378858767505648 0.15187396590774255
0 0.30680827068267363 0.9212344772751238 0.16614303846084474 0.1480944009729349
0 0.16996755025217822 0.8424390957806545 0.19336912613590118 0.29688645697928917
0 0.08730831234633415 0.7292044845787246 0.1746166246926683 0.2748478157455871
0 0.2803250074481073 0.8194361980541306 0.13409682588823219 0.19749438311602746
0 0.6441734917323416 0.7506360105566021 0.12141704342324341 0.2269364212654743