0 0.08515625 0.30703125 0.1171875 0.284375
0 0.8890625 0.80859375 0.171875 0.33828125
0 0.35859375 0.81875 0.14453125 0.2984375
0 0.2703125 0.88203125 0.0890625 0.17265625
0 0.58515625 0.8015625 0.1453125 0.39609375
0 0.1609375 0.38203125 0.1421875 0.1921875
0 0.2046875 0.80859375 0.11015625 0.3109375
0 0.87890625 0.3484375 0.228125 0.3
0 0.6921875 0.3359375 0.34609375 0.34453125
0 0.8078125 0.68359375 0.10390625 0.3015625
0 0.275 0.3265625 0.16328125 0.2859375
0 0.6 0.215625 0.15625 0.2890625
0 0.93359375 0.31484375 0.1328125 0.26953125
0 0.14765625 0.80859375 0.0953125 0.31875
0 0.7234375 0.740625 0.1890625 0.4046875