0 0.11695520163671735 0.3503574468569252 0.23317884217421878 0.45373358887329507
0 0.29684494160758745 0.25384595601560805 0.23164508590601257 0.5076919120312161
0 0.35230063440230924 0.076421979873612 0.28602373119538155 0.152843959747224
0 0.4279394804039587 0.11798320160662361 0.22056386724704335 0.23465604025277598
0 0.5807603227111915 0.6029712760077401 0.6032713479802064 0.7336689088633974
0 0.6015899290711751 0.14678651091193434 0.23114967775102696 0.2935730218238687
0 0.7358967329112411 0.13520554076283206 0.24099603919208262 0.2704110815256641
0 0.6969154862764535 0.31060231230378726 0.3151897086298394 0.3769054952503016
0 0.8010561023363625 0.5383820742895749 0.3814297887298643 0.6159547071452323
0 0.877745600620503 0.20829842661899556 0.1859113855894435 0.3841713613745322
0 0.931914960412206 0.384092964724065 0.12271270361527442 0.41050148801421243