0 0.6702862706844555 0.2601718263139236 0.2647544090517453 0.3890271803253758
0 0.5069868399662962 0.2579967688377437 0.21582602966144576 0.3043703791939077
0 0.2832065107255063 0.871819416083828 0.27022263817089814 0.25468854176169414
0 0.5737587878528694 0.8576286092950192 0.251618083916172 0.2795794574527388
0 0.8306021228491959 0.42096335968780263 0.16558968032537572 0.2634544877033598
0 0.3064555748409857 0.3021336299794745 0.210920361043535 0.2668431081166688
0 0.4378894655459665 0.8701382205349459 0.22023172852997774 0.2559601502711466
0 0.7470099354917371 0.8245883294371815 0.24709421037960516 0.3076771863754999
0 0.9180935533709633 0.5532713447588838 0.13532948770335979 0.16484427088084708
0 0.6809889839909268 0.6226218293389858 0.16175563231716553 0.14156130698520072
0 0.8462372549699697 0.6911940464560861 0.17442834913967822 0.1713215298578376
0 0.7458049420328408 0.48317753425764176 0.1635090298578376 0.17438289734428025
0 0.584649794295777 0.5809933864223822 0.14348742134838535 0.22426472267624523
0 0.49108614665690914 0.6135700579671592 0.17600902985783762 0.17445562021691713
0 0.4264600443939729 0.5170677626894236 0.1791976623713948 0.18541130093507655
0 0.2627111617822197 0.5719285003927835 0.19954652380771334 0.1917794756031114
0 0.3525236164062882 0.7003165999252452 0.11628859621281204 0.11473518657189175
0 0.17614292358788053 0.7325938105012421 0.22298402380771337 0.19191583098930565
0 0.10424922198887417 0.5955074218393646 0.1857658249391815 0.24013516237139498
0 0.09977884884509074 0.3642756025575239 0.1970669393023662 0.30269879488495216