0 0.5958138732487782 0.5721353459365968 0.2715230336940554 0.476058579406528
0 0.20058766169253187 0.4159113682567706 0.2633298326532586 0.7068358007211808
0 0.7334300599289381 0.5369401155038882 0.22563067955561228 0.4937175516711113
0 0.6408352826780025 0.18952221447770778 0.2116080438708206 0.31548344889756963
0 0.5947957643606367 0.2491160732351731 0.09666471732199752 0.20668771751493065
0 0.6052087211671847 0.109980838052812 0.12349281094499087 0.1230400693385418
0 0.5107283808235517 0.15587652593246484 0.09577060266810485 0.15984908510611118
0 0.43072662030810205 0.2232835379003121 0.08787621551297527 0.15810474715020834
0 0.5111300932843091 0.297100937976562 0.0793333751693421 0.11420927678548623
0 0.4348365089335699 0.39797441337527745 0.11656778154634875 0.19934799620027785
0 0.3547506184990798 0.2734303146857983 0.11689533016686778 0.20559799620027785
0 0.3161440626424715 0.4740849313270483 0.13161957146044045 0.18877417211208342