0 0.7770336360295987 0.3626957468321813 0.3490577279408026 0.6618470612836751
0 0.12865626512531053 0.4536306902982045 0.25731253025062106 0.735386380596409
0 0.2095688800776704 0.3806269595200814 0.3366668122497579 0.6799419640426371
0 0.7554161486208264 0.7202659073930594 0.2774907583878152 0.4425371393028364
0 0.4021245396203949 0.3274178296010409 0.31137592075921017 0.6286317695605612
0 0.28637071195073893 0.746481010854134 0.23691121018321343 0.44822057326946274
0 0.45941278133077557 0.8235392350735363 0.2254010175611974 0.3492098631835546
0 0.6230531005144204 0.7703776927845954 0.21305555366555087 0.37511726594251654
0 0.4479263563681529 0.6486653878324983 0.2288896319243822 0.4118736374938141
0 0.5581154643866257 0.380137795114016 0.33064407122674844 0.7186769154221181
0 0.8769927294137405 0.37496777476048543 0.24601454117251897 0.6705050090451116