0 0.3734375 0.59296875 0.22734375 0.45546875
0 0.765625 0.415625 0.20078125 0.68515625
0 0.23828125 0.56484375 0.18125 0.4765625
0 0.3359375 0.21640625 0.18203125 0.30078125
0 0.38046875 0.2734375 0.078125 0.19921875
0 0.371875 0.1359375 0.1109375 0.115625
0 0.4640625 0.17578125 0.08046875 0.15234375
0 0.5421875 0.23828125 0.0734375 0.15078125
0 0.46171875 0.31484375 0.06953125 0.1078125
0 0.5359375 0.41015625 0.09765625 0.18984375
0 0.61640625 0.2828125 0.09765625 0.196875
0 0.6515625 0.4796875 0.1140625 0.1796875