0 0.6636292666357961 0.572251086909063 0.26842626623205434 0.25614612290951405
0 0.8155625446422686 0.10488501500507012 0.2592500892845372 0.17783928495361132
0 0.5627921006486231 0.11930596523381994 0.24120920129724616 0.21802787385944464
0 0.31176143465815476 0.14391953305375024 0.24186376623205447 0.25552787385944464
0 0.09680463636243808 0.1771820554708334 0.19175467207625302 0.24811411094166683
0 0.8627217370110613 0.3012158075581257 0.25573535145940196 0.24491768218006965
0 0.6111552828711458 0.3398736915824658 0.2338058043815014 0.24128353590354185
0 0.35872575811437957 0.3738258918112156 0.27144217207625304 0.24996885809187522
0 0.11569850689656355 0.40955879758704866 0.22125125730360065 0.23786759517409733
0 0.8900870320603669 0.5206386079949661 0.21982593587926616 0.23339830072118078
0 0.6673718754020942 0.5629670058870144 0.24312625730360066 0.2383767414506252
0 0.4220145109537533 0.5994266102760768 0.1880296542193456 0.21366637575930572
0 0.1479418112780649 0.6461509142282986 0.22106034253094825 0.22693009517409735
0 0.9124586842511176 0.7648613866803133 0.17508263149776476 0.2480777433504862
0 0.7011504062446451 0.798032990119445 0.2558444456152033 0.2511676821800698
0 0.4479941785657795 0.8350920065526045 0.22243192775829587 0.216028962765278
0 0.19576920535114073 0.8807629567813542 0.2102864837646503 0.2360505220358334