0 0.2621849627172962 0.7536365763025169 0.3403907341873184 0.49272684739496614
0 0.23414073418731843 0.5076456418516668 0.2269726079202771 0.3495420434232436
0 0.5453645804983264 0.5713465386657326 0.2171612706844554 0.27410539578060844
0 0.3871293788011242 0.49134005334804093 0.22370216217500313 0.3243964942090317
0 0.6699868097156751 0.37798614453775403 0.13244992739850953 0.21236306699689197
0 0.42692871876742033 0.7409611019430801 0.28277822208707004 0.5180777961138399
0 0.1641196465587133 0.6816866476426352 0.286521366504484 0.6366267047147296
0 0.8253702430661131 0.639060693337681 0.31478272189067835 0.6754196468140655
0 0.5053475927949665 0.405464673488086 0.11510789129415606 0.1850000463187275
0 0.6037123699223296 0.3975494737357551 0.11822380093507653 0.1835830955329393
0 0.831328309813871 0.3206745663732103 0.19064422247985355 0.28068072745980877