0 0.6774250033652123 0.18515625 0.17232024703049903 0.3375
0 0.1406524290711752 0.16015625 0.15932014185764962 0.3203125
0 0.058718118962903056 0.103125 0.09787051332783514 0.1953125
0 0.7969630180797026 0.93671875 0.3146200926364372 0.1265625
0 0.8658510058724949 0.20703125 0.2675705625490476 0.3890625
0 0.6702487200456245 0.6734375 0.36395748073316303 0.4796875
0 0.5074856102539214 0.49453125 0.280599411453691 0.4609375
0 0.5108596289920329 0.190625 0.1517804264973858 0.3296875
0 0.3524811761681813 0.290625 0.1909004139609734 0.4390625
0 0.2155782212327587 0.21640625 0.17500262932123736 0.4296875
0 0.33665262153669256 0.59296875 0.19792330377355896 0.465625
0 0.12824307647211516 0.6671875 0.16585494985435073 0.4375
0 0.10201948957515874 0.55625 0.2040389791503175 0.853125