0 0.3883123919081248 0.28096483483854107 0.32025021618375044 0.5451240493591786
0 0.6275021784772568 0.28384433129516207 0.3324956430454865 0.5346230589778254
0 0.1053953616072569 0.47402283175849813 0.2107907232145138 0.8011706635169963
0 0.16961563687413167 0.3382242302145521 0.3138196846486116 0.6042262308475244
0 0.7613478887739927 0.4120561552491119 0.25219511967847286 0.7738095553496285
0 0.859676286000451 0.4201811684959559 0.2806474279990979 0.7888542019915838
0 0.6763702106779856 0.5693750927279074 0.19673736815986143 0.40342264427970276
0 0.5405632632990274 0.3910541413692958 0.25375631325770875 0.7067311827542901
0 0.20281968864215213 0.7592559820286506 0.1408847988213197 0.2843799784004535
0 0.32756576871427023 0.7409375463639536 0.15763719414791694 0.33336311542376224
0 0.46733743674229106 0.7153249658713998 0.1891053996950003 0.34382938947037917