0 0.9504368993475449 0.41445895018809276 0.0991262013049102 0.3369508547526355
0 0.8593162914146781 0.6339490964240405 0.2475873560629971 0.47393088441013076
0 0.7974771733768161 0.3526553340667509 0.10519767202418073 0.18232702174882984
0 0.6771101293761799 0.3430654753597827 0.2142101400381801 0.2898450444862428
0 0.6301822274029059 0.5379349649796594 0.18851924936345305 0.2294513725471326
0 0.5443436300524975 0.40871569718516226 0.18414083203372567 0.25582287155854944
0 0.4201885147199066 0.40912292098770814 0.20412716271481593 0.3628368755128822
0 0.26864310136854386 0.2701983893530466 0.31853620273708766 0.5314833992388783
0 0.1804345767027256 0.2728512040680634 0.335287350731997 0.4946837361970166
0 0.5917715186982713 0.2568149575652856 0.08828289202736243 0.2050641847906915
0 0.6239851293761799 0.34090079748917346 0.041515885343726924 0.07821784190105419