0 0.30546875 0.284375 0.20859375 0.35234375
0 0.46171875 0.259375 0.171875 0.2734375
0 0.76796875 0.85390625 0.2265625 0.2859375
0 0.484375 0.86171875 0.21015625 0.2734375
0 0.1734375 0.46171875 0.1265625 0.240625
0 0.6625 0.2734375 0.17265625 0.23671875
0 0.6171875 0.8625 0.178125 0.26875
0 0.3125 0.85 0.20390625 0.2921875
0 0.10859375 0.6015625 0.11171875 0.1453125
0 0.34609375 0.63515625 0.14140625 0.11796875
0 0.19609375 0.72421875 0.15 0.146875
0 0.2640625 0.509375 0.13828125 0.15078125
0 0.4328125 0.58046875 0.11015625 0.20390625
0 0.528125 0.59921875 0.15 0.15
0 0.5765625 0.49765625 0.15234375 0.16015625
0 0.7421875 0.52734375 0.171875 0.16328125
0 0.6734375 0.6640625 0.1 0.09765625
0 0.8484375 0.66953125 0.19609375 0.16015625
0 0.89765625 0.52734375 0.15078125 0.2140625
0 0.8765625 0.30390625 0.16875 0.27265625