0 0.8453125 0.74609375 0.309375 0.496875
0 0.178125 0.11875 0.22109375 0.2375
0 0.240625 0.30859375 0.22265625 0.2390625
0 0.303125 0.46640625 0.2796875 0.14375
0 0.14765625 0.59140625 0.196875 0.26796875
0 0.25234375 0.85078125 0.3234375 0.21328125
0 0.47890625 0.29765625 0.09296875 0.20625
0 0.5109375 0.2921875 0.1265625 0.1734375
0 0.5921875 0.25078125 0.10625 0.16640625
0 0.61796875 0.3828125 0.14296875 0.16796875
0 0.625 0.08515625 0.17421875 0.1578125
0 0.70625 0.08671875 0.13671875 0.1734375
0 0.8296875 0.2 0.14453125 0.2671875
0 0.90625 0.31875 0.1375 0.2484375
0 0.7234375 0.209375 0.1015625 0.178125
0 0.37265625 0.23359375 0.084375 0.2078125