0 0.6944118221665717 0.3144605231573425 0.45174545558811924 0.5971322569572632
0 0.24751828163466158 0.14891766106469534 0.38878656326932315 0.2978353221293907
0 0.6298200119373603 0.8226178744499368 0.2874787312541006 0.31745539133021305
0 0.837992089923888 0.3393438235379033 0.3240158201522242 0.6351814022046278
0 0.7537005223174835 0.8668705987467742 0.29909271049385405 0.21965456129215682
0 0.4824993429639994 0.8176650720922096 0.30087006920082227 0.3398397272997681
0 0.37344145307948023 0.15772633939241518 0.19806872136826897 0.26701503954332695
0 0.8891751072984555 0.8691759035759595 0.1687685405319101 0.19874520060802253
0 0.12092517300205555 0.8167471482131141 0.16915054250907652 0.2081202006080222
0 0.07806916954201443 0.8020599071103627 0.09871070851668773 0.20213018577927463
0 0.6703774614824373 0.1969645708750712 0.3133647520143475 0.3939291417501424
0 0.24147509494116579 0.8368766230042433 0.18059737847863166 0.22106586958138302
0 0.3444090939525826 0.8279871012554132 0.18107222235685222 0.2710022025851885