0 0.9121631941078696 0.6218923852871707 0.13403539627312852 0.30340352570316254
0 0.09324066403044487 0.20008623022833652 0.18648132806088974 0.36545253954332696
0 0.6248514668824636 0.14588952566598148 0.18154706623507266 0.29177905133196297
0 0.7135903147150169 0.07472017981059462 0.11031937056996632 0.14944035962118923
0 0.3934131244871179 0.19282021688246365 0.19117141703337542 0.3856404337649273
0 0.8415907089366172 0.554572234108307 0.16777904349765968 0.21274403361182798
0 0.783349716388172 0.14466792387909558 0.14892556722365596 0.28933584775819116
0 0.1192301958750712 0.6696201388215739 0.2384603917501424 0.3338152203796859
0 0.2959333576440229 0.6618209317877609 0.39503124608284834 0.39203358007523725
0 0.167130514297275 0.3199902119395478 0.14098573323126704 0.3208456936879401
0 0.7256991120926471 0.6232505913324005 0.1999150642579064 0.312327539543327
0 0.3950964164275407 0.773993326540834 0.19379239825029507 0.3151978715585493
0 0.06648985644547496 0.710783649695989 0.13297971289094992 0.29211319863085594
0 0.8411940498862693 0.14254966695901333 0.13323690022746143 0.28509933391802667
0 0.25180394463934225 0.2518039446393422 0.24088225695726334 0.43722938045579796