0 0.65556307467174 0.6102556339530201 0.30005462993655047 0.5052737263111847
0 0.2288046233131285 0.4532217949805345 0.3050596215838479 0.737958892318796
0 0.7900273547088069 0.5736071626219321 0.25528776695985905 0.5190523834215475
0 0.6403596490890261 0.21956696695682573 0.23182544119181064 0.33866454646340927
0 0.6027257290334258 0.2812247085538687 0.10898316351699648 0.21663835475263546
0 0.5915104321213179 0.1387825405690912 0.13114585099579196 0.13640702669174573
0 0.5026587524470708 0.1858711047898165 0.10578375244707061 0.1696996877564411
0 0.43175846460545547 0.2555350059686801 0.09791668874473984 0.1678188527754691
0 0.525620081210344 0.329572025246052 0.08690477767481415 0.12056185079830276
0 0.46370541296884227 0.43314801140588755 0.12751490870767307 0.2111523587069682
0 0.3625471623358701 0.30654440764183527 0.12935022721932726 0.21902852570316256
0 0.355687071043543 0.5122214046760858 0.14437502649368783 0.20247769566510634