0 0.670890568291702 0.7746815892812421 0.30008057370694485 0.41132287824476316
0 0.5066280465402089 0.7632241176914564 0.24332012100965308 0.3213058043815014
0 0.30681565729444454 0.13030470332584113 0.29488131458888905 0.2550456047058129
0 0.5979861711621529 0.15881508157060437 0.27722234232430587 0.3015933222384088
0 0.8415452943560074 0.624597588874205 0.18917682845659733 0.27662850405718975
0 0.30293869566652837 0.7018796943973873 0.23463479882131963 0.28366943668674977
0 0.46163044386357655 0.13847353368192478 0.24513588772715308 0.26511035145940204
0 0.772478331306389 0.2071549443940921 0.27478832655673635 0.3312262751605082
0 0.9303817502843404 0.4973822982891261 0.13923649943131905 0.17441143912238158
0 0.697482250568681 0.40732649390762476 0.17384015634451408 0.1545353157455871
0 0.8687565321038196 0.3509652199616373 0.18863000816812486 0.18603077759614006
0 0.757913870344063 0.5544157280793123 0.1777288757593057 0.18740236282348768
0 0.5975556389614239 0.4422861006453278 0.1616687710859029 0.23553985389503396
0 0.5028964491819101 0.4015871883083074 0.1902652433504862 0.18918305113509035
0 0.43474782085715324 0.49332862905554214 0.19520731648875014 0.2002023717519414
0 0.2699391320275698 0.4248535442352316 0.21570165444465292 0.20836942775829587
0 0.3670297247331253 0.3015990507280534 0.12627417211208342 0.1240296095770768
0 0.1878682483844794 0.2539586172877146 0.2407380220358335 0.2103683043815013
0 0.10976404502159753 0.3876966432622969 0.20741768218006965 0.25508078652459387
0 0.10893281610750052 0.6204000491064956 0.19640875341847247 0.3189250982129911