0 0.671875 0.67578125 0.28984375 0.64453125
0 0.28828125 0.86484375 0.22578125 0.265625
0 0.43828125 0.6609375 0.2296875 0.67109375
0 0.88125 0.73359375 0.20625 0.53203125
0 0.07265625 0.61015625 0.1421875 0.77890625
0 0.0609375 0.1609375 0.12109375 0.24921875
0 0.23046875 0.6359375 0.23515625 0.69765625
0 0.196875 0.146875 0.096875 0.1734375
0 0.31640625 0.15546875 0.071875 0.14296875
0 0.403125 0.23671875 0.11484375 0.14609375
0 0.5734375 0.20625 0.14609375 0.1625
0 0.52265625 0.3375 0.1125 0.20859375
0 0.65234375 0.28359375 0.07265625 0.17265625
0 0.71796875 0.31875 0.109375 0.1546875
0 0.92421875 0.40859375 0.1515625 0.2984375
0 0.88515625 0.665625 0.19296875 0.52265625
0 0.88046875 0.103125 0.1390625 0.14296875
0 0.425 0.1296875 0.096875 0.1125