0 0.483287726040128 0.3006994759673962 0.29470045208025597 0.585760887727153
0 0.5997772760260106 0.3182344277147574 0.32455455205202116 0.616103004368403
0 0.2662892128153612 0.3658659618153474 0.35744264676211446 0.6449553561920143
0 0.7267115023484872 0.3141671363959728 0.35967300469697444 0.6028769589655558
0 0.1562008522496652 0.40465374525034736 0.3038472099021766 0.6624324905006947
0 0.370264081273565 0.3292764580156253 0.29900852048199 0.6061461229095141
0 0.86171875 0.33646297653607715 0.2765625 0.6392495636389586
0 0.2608028651920833 0.6333437493344098 0.14233723137238705 0.2202060100679862
0 0.5190402994211852 0.6198495194703824 0.17026481029746474 0.24426175911805573
0 0.715460273112826 0.6166193359591325 0.19323187343752704 0.2635209053945836
0 0.2850362967197621 0.6877409618153474 0.19688749445597944 0.2994947729857641