0 0.07972253825300166 0.42371578990858677 0.1594450765060033 0.44663105913900925
0 0.23868598449733316 0.3134975355653606 0.17765018899666352 0.5084760876750565
0 0.267051721131392 0.09547528163641919 0.275271557737216 0.17799668320799575
0 0.35697950014117436 0.1654667580627706 0.20410918927901225 0.21363877667402048
0 0.5791318900695885 0.6552356951997078 0.5462167204255204 0.6830267473094036
0 0.537630260664518 0.17074722518349716 0.20286447867096397 0.29928517824559703
0 0.6754410738045802 0.15836500330525968 0.21612334186749588 0.2593879243166556
0 0.6613044371422865 0.347281954091048 0.2868446365211195 0.34994445781510164
0 0.8047226952465557 0.5748719148016337 0.33541645734192793 0.5952954991714305
0 0.8357268554451984 0.23085008705137472 0.14665925227790028 0.3776969685684686
0 0.9329295371846389 0.404585147638126 0.1161218838196966 0.41523120181924555