0 0.05034182809513198 0.7005358103048503 0.08821126137808884 0.33017837939029937
0 0.12719304006204263 0.4563222019917898 0.19126463072881533 0.4588942527304745
0 0.22803102343249543 0.7291915545493137 0.08483062802354438 0.17391928903121984
0 0.34976057276413186 0.7159825065411035 0.1843590080362711 0.26824198165323576
0 0.3700350680696786 0.5111631963344491 0.16491811736154408 0.20875789734428024
0 0.47449639608526883 0.6254069826351942 0.1574328813653622 0.23683744554888228
0 0.5976520854153144 0.6004700942679045 0.16184875604708876 0.34779312626704134
0 0.7701457980983137 0.7197871999486865 0.2576168840706332 0.5217760478118183
0 0.8581361467615866 0.6942735946606879 0.28348849339590637 0.462555583916172
0 0.44747191410722226 0.7872939042781673 0.06328289202736244 0.20191702400410527
0 0.4043662567631774 0.7086330939733169 0.03214088534372674 0.07674430718159239