0 0.28305360227018095 0.3734839935570923 0.462191271910802 0.7010555234149299
0 0.6184244918823252 0.1192111466569092 0.2930989837646504 0.23293171642972926
0 0.5208030182606492 0.344401523316734 0.4072310365212985 0.6851123608471433
0 0.11419450811437955 0.3662522347764936 0.22533437986632104 0.5575044695529872
0 0.865625 0.34800480893010827 0.26875 0.6875010417616942
0 0.9683950385531886 0.7313854563725843 0.06320992289362266 0.280114746876742
0 0.7347427873353728 0.33861565251064163 0.42261057467074553 0.6711407644379395
0 0.8986430150109431 0.7778059384186035 0.1456785129856435 0.20082722267624503
0 0.7755873445562479 0.7989628000513136 0.11221144805083547 0.1631363251355733
0 0.6667111765371846 0.7373980652748201 0.15620690990138844 0.1774533551898026
0 0.5031629196373257 0.8106577823919203 0.19258078652459396 0.20266243344863355
0 0.518581593745469 0.6646685715213361 0.17138762499835244 0.24159766842151917
0 0.40292141192668807 0.7514867945903646 0.12054214529089187 0.19286927693097128
0 0.32681287945928394 0.7322959121750031 0.15321827759614007 0.18524767447164336
0 0.11045149390762476 0.6888539426220159 0.20268426379642243 0.33395788524403186
0 0.11905533197764147 0.4209624606741927 0.23347416233372514 0.5762999213483854
0 0.22047492491233153 0.9495550932859459 0.17833528003177213 0.10088981342810825
0 0.6733896448805594 0.8514878363520589 0.12896257142762996 0.13823631908544912