0 0.7870780710271834 0.6554264234896847 0.27088443343704327 0.6608839996072167
0 0.11488288595869627 0.6069317769309713 0.22976577191739253 0.6857385538619427
0 0.22827976948505585 0.6638953701187214 0.26241736850223535 0.6233385478118185
0 0.7154305365278891 0.2838781555357038 0.22874793181548564 0.39504083098930565
0 0.42221100162814834 0.6994021198241338 0.2429309829505762 0.581041963502863
0 0.2556600702131092 0.3038618399662961 0.1883683936660388 0.40886698165323565
0 0.4135192090111793 0.2125833758742579 0.18821266071216733 0.3104385720123153
0 0.5785441911542718 0.24792195393669741 0.17307858441327345 0.3384726684215191
0 0.42460889326559226 0.3829776891059745 0.1830536022701809 0.3729022105759968
0 0.57001330195246 0.6471316135776177 0.2511992248329012 0.6967033249391814
0 0.8955042256535661 0.6208974082661782 0.1990639805149442 0.6635908430895541