0 0.7024166176413977 0.5815477105139223 0.25133959589256777 0.4628174916472975
0 0.29107857513232127 0.36590777531256147 0.5821571502646425 0.7318155506251229
0 0.4969027411771135 0.7647247651457605 0.16177307710948768 0.3707539880191003
0 0.5512812460828483 0.39527784989948356 0.3556874921656966 0.7644742500848181
0 0.2541448968046014 0.7039782049868087 0.29407624113993247 0.36289190271722305
0 0.3482490183631508 0.8812723365678217 0.1849957184025194 0.23745532686435666
0 0.4832553711386199 0.9764335583448533 0.09935801285158127 0.047132883310293396
0 0.5881219432680106 0.9251910060752678 0.10212486859279987 0.1496179878494644
0 0.7123725267661077 0.935585358252186 0.14297536167271757 0.12882928349562803
0 0.852603595929749 0.8778423074802131 0.290863716425353 0.24431538503957384
0 0.8587051324329643 0.6484053722168202 0.28258973513407143 0.3167807945498552
0 0.82890625 0.26717273038418815 0.3421875 0.48840282340579566