0 0.34296875 0.17265625 0.1421875 0.32578125
0 0.871875 0.16484375 0.13046875 0.3296875
0 0.95859375 0.12578125 0.08203125 0.18828125
0 0.15703125 0.925 0.3140625 0.15
0 0.15078125 0.18515625 0.2453125 0.3703125
0 0.31171875 0.65234375 0.3203125 0.4546875
0 0.48515625 0.4859375 0.23984375 0.4421875
0 0.50625 0.18671875 0.12265625 0.31875
0 0.65390625 0.29375 0.15234375 0.425
0 0.7953125 0.22734375 0.13828125 0.415625
0 0.64453125 0.59140625 0.15703125 0.4515625
0 0.84375 0.67421875 0.12890625 0.42421875
0 0.90546875 0.5703125 0.1890625 0.82890625