0 0.35219824445670966 0.8235256699554565 0.1709850675636126 0.34718517735518084
0 0.9026385136570395 0.8053979998806874 0.15853053167023531 0.34860222668681723
0 0.9734795817493775 0.8434877985360061 0.053040836501244824 0.20087270401018137
0 0.13871917069139797 0.06715913331477358 0.2769837003165691 0.12505673337045284
0 0.15721235339048284 0.8101642459818645 0.26876934969606614 0.3795624200349984
0 0.28767246239076305 0.32488872262891083 0.36413933715965385 0.49001011871417965
0 0.48003712179938984 0.4898944626034575 0.2793096960934271 0.47340332670272556
0 0.5218969790173034 0.8004501545990031 0.14888274703049903 0.3391181386855447
0 0.6685099030739137 0.6822984965786405 0.18809366270733213 0.4520363093570898
0 0.8203739314454437 0.7446155885582778 0.17215041396097347 0.4409169960216353
0 0.6391500458560001 0.3715973539147312 0.1935540525199176 0.4786533533577262
0 0.8411324315119506 0.2762468492202779 0.16304819860070943 0.45018290802036276
0 0.89296875 0.4102711446133206 0.2140625 0.8205422892266412