0 0.08984375 0.31171875 0.17734375 0.36640625
0 0.36171875 0.4140625 0.196875 0.2046875
0 0.51328125 0.36875 0.2078125 0.24375
0 0.684375 0.67578125 0.08203125 0.1046875
0 0.91953125 0.39609375 0.08515625 0.20859375
0 0.58203125 0.096875 0.071875 0.103125
0 0.37421875 0.08125 0.090625 0.11328125
0 0.91484375 0.1515625 0.07265625 0.18671875
0 0.7234375 0.0875 0.06484375 0.09140625
0 0.428125 0.6625 0.05625 0.0859375
0 0.64609375 0.3984375 0.13671875 0.18984375
0 0.65625 0.07890625 0.09609375 0.11328125
0 0.43046875 0.090625 0.05859375 0.0875
0 0.95 0.19296875 0.04921875 0.10859375
0 0.94921875 0.44609375 0.046875 0.1078125
0 0.29140625 0.09765625 0.08828125 0.090625
0 0.98203125 0.16953125 0.0359375 0.16484375
0 0.98125 0.41015625 0.0375 0.1984375