0 0.3824162228043064 0.6233953929208809 0.2636569456152034 0.25890576775153884
0 0.09864382589185679 0.15112981004047973 0.19619671022569998 0.23975962008095947
0 0.3340904021907507 0.1353697704650723 0.2383296631477993 0.23884557326946276
0 0.5963585771096728 0.13584556252687058 0.2333421542193456 0.22141241180407353
0 0.8475937946422686 0.13027939450276066 0.24206258928453722 0.18440373473485203
0 0.11295929058178363 0.38994332654882313 0.216591030842551 0.24551165309764622
0 0.3601791639585782 0.3779224406368888 0.22906375730360065 0.2446042503386842
0 0.6221064196406211 0.3588669826986871 0.2666455779204517 0.25125704206179833
0 0.8794279959395149 0.34425336329509615 0.22432171022569988 0.241233588873295
0 0.12791963757695876 0.6209852866347314 0.23824784253094827 0.23415807326946272
0 0.3760298551095547 0.6152553443003619 0.2399194366867497 0.24048996042459264
0 0.6309940446389734 0.5997376441640764 0.18175238068039512 0.21714763568479184
0 0.9053126116056717 0.5870926385098668 0.1893747767886566 0.23063028154634874
0 0.16907033765638904 0.875385641960599 0.22295012499835237 0.24922871607880204
0 0.4169623668773822 0.858585942445911 0.25107512499835244 0.25356317051050076
0 0.6805066696373258 0.8427373716628391 0.21925238068039513 0.21911292740790564
0 0.9222700608743232 0.8347455664835994 0.1554598782513537 0.23844942559888338