0 0.9070279659452751 0.3606610167537322 0.18132600938890633 0.4175985306029619
0 0.6454632099379574 0.42672062614041034 0.2466590133672712 0.2613528387085138
0 0.49870693594845694 0.35625407651191393 0.2658999093729982 0.30441363399378407
0 0.2586973645767314 0.6500919294884513 0.10612382535009016 0.12831339867609248
0 0.07588760128900204 0.3228509950376013 0.13237833736472585 0.23729029238978622
0 0.48650002665500053 0.06323182258297248 0.09671246268299924 0.1247517510334573
0 0.7033875346515007 0.07889740219525831 0.11718859468490823 0.13976032092583343
0 0.13332957332113693 0.08802438482235356 0.11459085335772615 0.17604876964470711
0 0.34315910665977306 0.043758500414284765 0.0855567866804539 0.08751700082856953
0 0.5246672625716406 0.6751838589769026 0.07616360534690862 0.10349318114108108
0 0.35647398261459334 0.36678281575854693 0.1822874306969986 0.23180657981717356
0 0.4133625186585004 0.05193271939703812 0.12327496268299924 0.10386543879407624
0 0.644030715985046 0.0801003372652809 0.07930678668045381 0.10520123035529286
0 0.09011537531827343 0.10668018548430735 0.07173064401654469 0.12514985731976358
0 0.03707909261618414 0.36994647291169475 0.07173064401654469 0.12514985731976358
0 0.7850278859802736 0.1086704853222008 0.11066587468172653 0.11603172249741003
0 0.07479945798854598 0.0831014443756475 0.04415108402290804 0.166202888751295
0 0.024831001651023445 0.33150255707209453 0.04966200330204689 0.2069435128202816