0 0.7873249505708413 0.252922471502084 0.4097250988583173 0.4778418977951393
0 0.2118608106863221 0.8990382184648611 0.2677153765014653 0.20192356307027773
0 0.2482333452867332 0.7400671812301391 0.2720792243340185 0.2795108877271531
0 0.2886076303814359 0.5744428344405211 0.3077673735357157 0.19760757750666685
0 0.12234854939197767 0.474294098023889 0.24469709878395535 0.3040381090418057
0 0.18725862498140947 0.2022021988975696 0.36707338935304656 0.273916810789167
0 0.48541235171252384 0.7150899374984032 0.1370383794672147 0.22173214247680556
0 0.5182248517125239 0.7158536569131949 0.16251854053191012 0.19578789152687523
0 0.6046425127772193 0.7444527420193061 0.14026153855474383 0.18590374525034736
0 0.6124616244499368 0.610132293406077 0.17807987353571592 0.19458906743868062
0 0.6591814796596828 0.9029023280753478 0.2060138725471326 0.1905561840799308
0 0.7395056496216268 0.8891320752255563 0.17202087452429887 0.19913109707395832
0 0.84647984429815 0.7586834686522923 0.20077722729976805 0.2919004785328475
0 0.8963272884803818 0.6292511950009383 0.16876322334543517 0.2724231267092364
0 0.7398478423209837 0.7655854724520145 0.13914470752810448 0.19680487765916688
0 0.3891329179104155 0.7941760658231601 0.1276633794672148 0.22151393692972227