0 0.9175921159756599 0.718876739453855 0.16481576804868006 0.39004703780340294
0 0.6507020888089241 0.615601043406077 0.21759146276527802 0.2236959924005557
0 0.4964516531134728 0.6643262180836115 0.2310733877271529 0.2661744331300001
0 0.30089688487736144 0.3474439233463544 0.09164459897381949 0.11301045269729179
0 0.07348627858843804 0.6412075346692709 0.10040396276527797 0.22096842306201392
0 0.4421512385039244 0.9462337211240278 0.080670731382639 0.10753255775194433
0 0.6578489736862855 0.9497967652441496 0.10101959897381967 0.10040646951170089
0 0.09344032835968824 0.8946598429898959 0.08739481648875017 0.1988024823325695
0 0.29480411302895915 0.9543264369297223 0.07256729065319459 0.09134712614055544
0 0.5674122376509031 0.35833209764263935 0.06304682028847228 0.0920433360560418
0 0.35678908785899355 0.635308252468542 0.15316528685347236 0.20657992116215276
0 0.36584331164218825 0.9526191197753822 0.10548889342673622 0.09476176044923576
0 0.5992006722995147 0.9525003249412158 0.06620818787965277 0.09367857123840295
0 0.05577602098899377 0.8531802045971528 0.054217334156180665 0.11526263050895835
0 0.04105433187506994 0.5896989328456598 0.054217334156180644 0.11526263050895835
0 0.7426597315700703 0.9433461433298269 0.09756729065319458 0.0990934230620141
0 0.03760790244788268 0.8777437935029863 0.01806293502986126 0.17220230832062527
0 0.023158970267813026 0.625981271751493 0.020389154444652953 0.20505117591180558