0 0.45390625 0.7119834740213171 0.2796875 0.5760330519573656
0 0.35078125 0.6603317093809524 0.309375 0.642662404041998
0 0.6859375 0.7201874200349984 0.340625 0.5596251599300033
0 0.225 0.619024362030544 0.346875 0.6634112560470887
0 0.82890625 0.7358584207113161 0.3421875 0.5282831585773679
0 0.5734375 0.7212590240292714 0.284375 0.5574819519414571
0 0.1203125 0.5326499626829992 0.240625 0.7371749253659985
0 0.83203125 0.5385878101129493 0.1375 0.22347495735199913
0 0.58984375 0.43030095341340535 0.165625 0.24723972135581712
0 0.409375 0.3407010093889065 0.1875 0.26780676002545345
0 0.83828125 0.4800667854471311 0.1921875 0.3037988040260897