0 0.6430156759737946 0.3784547720628826 0.2968323821317572 0.4783532116102306
0 0.3094370043432262 0.6553298184268362 0.6188740086864524 0.6893403631463275
0 0.39020750723871034 0.2632663147986392 0.19857035649119403 0.3782043894703794
0 0.5448006921038451 0.5948188712445759 0.43275288130318773 0.7841716803920373
0 0.16837954900932392 0.3872296375714627 0.32840340570540577 0.38585817676384027
0 0.20800078287927345 0.17291167722717646 0.21346330231458363 0.29604665389834955
0 0.31662026571576574 0.051341722873339976 0.10876287799792798 0.09115576805616735
0 0.4340967100914132 0.08317333739005286 0.12086907981717357 0.16634667478010573
0 0.554011103805107 0.05641365798988277 0.15447779238978612 0.11282731597976554
0 0.7075513267168017 0.09642853358044595 0.30989734656639667 0.1928570671608919
0 0.8035422611676518 0.2644319336809624 0.36237599131354764 0.34492564191744995
0 0.8205048593911874 0.6538292503785181 0.32027419023730913 0.5462500397405318