0 0.8416431075768049 0.35709955447109554 0.31671378484639023 0.5628765155026668
0 0.7757391654159129 0.624469794018339 0.2159821863824872 0.33535918927901226
0 0.5055754544386545 0.45670065216496064 0.20716769237293686 0.26155766823232474
0 0.6285814232204613 0.5854920520520212 0.21198416714519333 0.3101771787556686
0 0.3291270602437698 0.583644041811026 0.12567959019601868 0.20535389988706038
0 0.6794891256753811 0.3241520046263873 0.26262904100647616 0.5548218208208084
0 0.8900173647907901 0.4541257438912821 0.21996527041841993 0.7082352471574026
0 0.2675074808475243 0.31497036554501917 0.2912649616950486 0.6157439102692299
0 0.49096486133222894 0.6187988337632266 0.11068950725639404 0.177972352532014
0 0.39715037394610064 0.5891652706937516 0.11219744355406328 0.17650085779368574
0 0.1596776557972661 0.5761137209196304 0.18087801088459118 0.26782307878390343