0 0.6328125 0.3203125 0.30234375 0.50625
0 0.16484375 0.2171875 0.3171875 0.2765625
0 0.678125 0.84375 0.19765625 0.3125
0 0.84453125 0.2875 0.3109375 0.575
0 0.81015625 0.87890625 0.23125 0.2421875
0 0.53359375 0.85 0.21484375 0.2921875
0 0.296875 0.23359375 0.13203125 0.2265625
0 0.946875 0.8609375 0.10625 0.2734375
0 0.18671875 0.9125 0.11796875 0.17421875
0 0.09453125 0.91875 0.1546875 0.1625
0 0.58515625 0.18984375 0.21015625 0.3796875
0 0.3046875 0.90859375 0.1265625 0.18203125
0 0.4015625 0.878125 0.1109375 0.2375