0 0.4935230731923359 0.7394922085328932 0.3225726087441492 0.5173794393023663
0 0.727996232279865 0.702182064311871 0.3354837856261753 0.5658805718159237
0 0.1387798819758538 0.6251221989667277 0.2570589911771135 0.7497556020665446
0 0.2632625702265864 0.7267659913175972 0.3143436146756482 0.5454498971478884
0 0.8121762782118015 0.5243065283057133 0.254825329123835 0.7716124213483854
0 0.884754343383929 0.505801447120016 0.23049131323214206 0.8326135538619426
0 0.6810788340295698 0.3945695522116227 0.1974850840295698 0.3994919816532357
0 0.6059527945234239 0.6028683864223823 0.25671148129128163 0.702889692425624
0 0.16612765467608576 0.33739493998973724 0.1410838923187961 0.28044199980360834
0 0.29283473471414184 0.32102907572474837 0.1587462361970166 0.33053290339440444
0 0.4337634822426839 0.30848764822804303 0.1903145711779885 0.33852721057599683